// This file contains the comparison data for all 30 species in the "Interactive Phylogeny" activity, as well as information about each species which will be included in the activity.
// To make accessing this data easier, this file also provides five accessability functions: getNumberGenes(a), getPercentSimilar(a1, a2), getNumberSimilar(a1, a2), getTraits(a), and getBlurb(a).
// a, a1, and a2 all refer to the animal's name with the first letter capitalized. i.e. 'Zebrafish', 'Ecoli', or 'Lizard'.
// getNumberGenes(a) simply returns the number of genes in animal a's genome.
// getPercentSimilar(a1, a2) returns what percent of a1's genome it shares with a2.
// getNumberSimilar(a1, a2) returns the number of a1's genes which also appear in a2's genome.
// getTraits(a) returns an array containing strings with all the traits that organism has.
// getBlurb(a) returns a string containing a short snippet of information about the organism.
// God help the man who has to look at this file

//{ DATA

/* Number of similar genes table
This 2D array contains data for the number of similar genes between two species.
This information is directional, since a gene from one species can correspond to multiple genes from the second species.
Because of this, the array is formatted such that the first index (array[0]) is the species of interest and the second index (array[0][0]) is the species being compared to.
For example, the number in similarGenesArray[0][1] is the number of Archaea's genes which appear in Ecoli's genome and similarGenesArray[1][0] is the number of Ecoli's genes which appear in Archaea's genome.
All values come from the OMA database.

				0.		  1.		 2.		 3.			4.		5.		  6.		7.			8.		 9.	   	   10.		   11.     12.          13.    14.          15.			 16.     17.       18.		  19.		20.			21.			22.		 23.	  24.      25.    26.    27.    28.        29.
				|Archea   |E.coli   |Staph   |Malaria   |Moss   |Banana   |Potato   |Mushroom   |Yeast   |Oyster   |Nematode   |Tick   |WaterFlea   |Fly   |SeaUrchin   |Zebrafish   |Frog   |Lizard   |Chicken   |Turtle   |Platypus   |Elephant   |Mouse   |Chimp   |Human   |Bat   |Cat   |Dog   |Dolphin   |Cow   |
0.  Archea		|_________|_________|________|__________|_______|_________|_________|___________|________|_________|___________|_______|____________|______|____________|____________|_______|_________|__________|_________|___________|___________|________|________|________|______|______|______|__________|______|
1.  E.coli		|_________|_________|________|__________|_______|_________|_________|___________|________|_________|___________|_______|____________|______|____________|____________|_______|_________|__________|_________|___________|___________|________|________|________|______|______|______|__________|______|
2.  Staph		|_________|_________|________|__________|_______|_________|_________|___________|________|_________|___________|_______|____________|______|____________|____________|_______|_________|__________|_________|___________|___________|________|________|________|______|______|______|__________|______|
3.  Malaria		|_________|_________|________|__________|_______|_________|_________|___________|________|_________|___________|_______|____________|______|____________|____________|_______|_________|__________|_________|___________|___________|________|________|________|______|______|______|__________|______|
4.  Moss		|_________|_________|________|__________|_______|_________|_________|___________|________|_________|___________|_______|____________|______|____________|____________|_______|_________|__________|_________|___________|___________|________|________|________|______|______|______|__________|______|
5.  Banana		|_________|_________|________|__________|_______|_________|_________|___________|________|_________|___________|_______|____________|______|____________|____________|_______|_________|__________|_________|___________|___________|________|________|________|______|______|______|__________|______|
6.  Potato		|_________|_________|________|__________|_______|_________|_________|___________|________|_________|___________|_______|____________|______|____________|____________|_______|_________|__________|_________|___________|___________|________|________|________|______|______|______|__________|______|
7.  Mushroom	|_________|_________|________|__________|_______|_________|_________|___________|________|_________|___________|_______|____________|______|____________|____________|_______|_________|__________|_________|___________|___________|________|________|________|______|______|______|__________|______|
8.  Yeast		|_________|_________|________|__________|_______|_________|_________|___________|________|_________|___________|_______|____________|______|____________|____________|_______|_________|__________|_________|___________|___________|________|________|________|______|______|______|__________|______|
9.  Oyster		|_________|_________|________|__________|_______|_________|_________|___________|________|_________|___________|_______|____________|______|____________|____________|_______|_________|__________|_________|___________|___________|________|________|________|______|______|______|__________|______|
10. Nematode	|_________|_________|________|__________|_______|_________|_________|___________|________|_________|___________|_______|____________|______|____________|____________|_______|_________|__________|_________|___________|___________|________|________|________|______|______|______|__________|______|
11. Tick		|_________|_________|________|__________|_______|_________|_________|___________|________|_________|___________|_______|____________|______|____________|____________|_______|_________|__________|_________|___________|___________|________|________|________|______|______|______|__________|______|
12. WaterFlea	|_________|_________|________|__________|_______|_________|_________|___________|________|_________|___________|_______|____________|______|____________|____________|_______|_________|__________|_________|___________|___________|________|________|________|______|______|______|__________|______|
13. Fly			|_________|_________|________|__________|_______|_________|_________|___________|________|_________|___________|_______|____________|______|____________|____________|_______|_________|__________|_________|___________|___________|________|________|________|______|______|______|__________|______|
14. SeaUrchin	|_________|_________|________|__________|_______|_________|_________|___________|________|_________|___________|_______|____________|______|____________|____________|_______|_________|__________|_________|___________|___________|________|________|________|______|______|______|__________|______|
15. Zebrafish	|_________|_________|________|__________|_______|_________|_________|___________|________|_________|___________|_______|____________|______|____________|____________|_______|_________|__________|_________|___________|___________|________|________|________|______|______|______|__________|______|
16. Frog		|_________|_________|________|__________|_______|_________|_________|___________|________|_________|___________|_______|____________|______|____________|____________|_______|_________|__________|_________|___________|___________|________|________|________|______|______|______|__________|______|
17. Lizard		|_________|_________|________|__________|_______|_________|_________|___________|________|_________|___________|_______|____________|______|____________|____________|_______|_________|__________|_________|___________|___________|________|________|________|______|______|______|__________|______|
18. Chicken		|_________|_________|________|__________|_______|_________|_________|___________|________|_________|___________|_______|____________|______|____________|____________|_______|_________|__________|_________|___________|___________|________|________|________|______|______|______|__________|______|
19. Turtle		|_________|_________|________|__________|_______|_________|_________|___________|________|_________|___________|_______|____________|______|____________|____________|_______|_________|__________|_________|___________|___________|________|________|________|______|______|______|__________|______|
20. Platypus	|_________|_________|________|__________|_______|_________|_________|___________|________|_________|___________|_______|____________|______|____________|____________|_______|_________|__________|_________|___________|___________|________|________|________|______|______|______|__________|______|
21. Elephant	|_________|_________|________|__________|_______|_________|_________|___________|________|_________|___________|_______|____________|______|____________|____________|_______|_________|__________|_________|___________|___________|________|________|________|______|______|______|__________|______|
22. Mouse		|_________|_________|________|__________|_______|_________|_________|___________|________|_________|___________|_______|____________|______|____________|____________|_______|_________|__________|_________|___________|___________|________|________|________|______|______|______|__________|______|
23. Chimp		|_________|_________|________|__________|_______|_________|_________|___________|________|_________|___________|_______|____________|______|____________|____________|_______|_________|__________|_________|___________|___________|________|________|________|______|______|______|__________|______|
24. Human		|_________|_________|________|__________|_______|_________|_________|___________|________|_________|___________|_______|____________|______|____________|____________|_______|_________|__________|_________|___________|___________|________|________|________|______|______|______|__________|______|
25. Bat			|_________|_________|________|__________|_______|_________|_________|___________|________|_________|___________|_______|____________|______|____________|____________|_______|_________|__________|_________|___________|___________|________|________|________|______|______|______|__________|______|
26. Cat			|_________|_________|________|__________|_______|_________|_________|___________|________|_________|___________|_______|____________|______|____________|____________|_______|_________|__________|_________|___________|___________|________|________|________|______|______|______|__________|______|
27. Dog			|_________|_________|________|__________|_______|_________|_________|___________|________|_________|___________|_______|____________|______|____________|____________|_______|_________|__________|_________|___________|___________|________|________|________|______|______|______|__________|______|
28. Dophin		|_________|_________|________|__________|_______|_________|_________|___________|________|_________|___________|_______|____________|______|____________|____________|_______|_________|__________|_________|___________|___________|________|________|________|______|______|______|__________|______|
29. Cow			|_________|_________|________|__________|_______|_________|_________|___________|________|_________|___________|_______|____________|______|____________|____________|_______|_________|__________|_________|___________|___________|________|________|________|______|______|______|__________|______|
*/
var similarGenesArray = [
	[0, 343, 278, 138, 431, 393, 335, 216, 239, 209, 223, 195, 247, 232, 215, 272, 245, 233, 228, 232, 195, 249, 265, 235, 250, 214, 259, 259, 217, 276],
	[343, 0, 1012, 187, 916, 887, 815, 558, 444, 514, 506, 476, 554, 492, 497, 591, 533, 514, 516, 479, 396, 531, 562, 506, 562, 463, 533, 558, 471, 550],
	[278, 1012, 0, 177, 683, 656, 636, 402, 357, 345, 380, 368, 398, 357, 358, 439, 396, 384, 389, 377, 303, 407, 421, 401, 424, 350, 408, 413, 363, 413],
	[138, 187, 177, 0, 1293, 1272, 1112, 594, 654, 680, 785, 568, 823, 825, 695, 1030, 871, 850, 816, 830, 634, 939, 970, 904, 962, 757, 917, 979, 773, 997],
	[431, 916, 683, 1293, 0, 9541, 8175, 2246, 1824, 2411, 2403, 2163, 2835, 2587, 2587, 3603, 3119, 2940, 2879, 2864, 2276, 3251, 3400, 3152, 3388, 2837, 3245, 3321, 2877, 3420],
	[393, 887, 656, 1272, 9541, 0, 13921, 2287, 1882, 2423, 2505, 2348, 2993, 2663, 2705, 3700, 3245, 3061, 2924, 2993, 2362, 3325, 3443, 3202, 3371, 2964, 3302, 3343, 2967, 3467],
	[335, 815, 636, 1112, 8175, 13921, 0, 1973, 1579, 2119, 2151, 2027, 2558, 2243, 2406, 3111, 2742, 2570, 2432, 2491, 1975, 2766, 2895, 2700, 2861, 2414, 2822, 2851, 2458, 2915],
	[216, 558, 402, 594, 2246, 2287, 1973, 0, 545, 1403, 1445, 1243, 1694, 1529, 1410, 2080, 1771, 1668, 1645, 1629, 1287, 1867, 1943, 1803, 1923, 1616, 1876, 1891, 1666, 1934],
	[239, 444, 357, 654, 1824, 1882, 1579, 545, 0, 1128, 1277, 1011, 1406, 1368, 1144, 1783, 1502, 1435, 1418, 1388, 1066, 1593, 1680, 1518, 1622, 1386, 1568, 1627, 1396, 1654],
	[209, 514, 345, 680, 2411, 2423, 2119, 1403, 1128, 0, 3056, 3227, 3977, 3415, 4806, 5962, 5014, 4762, 4688, 4740, 3657, 4979, 5290, 4890, 5214, 4538, 5042, 5030, 4601, 5151],
	[223, 506, 380, 785, 2403, 2505, 2151, 1445, 1277, 3056, 0, 2663, 3735, 3341, 2974, 4677, 3975, 3678, 3708, 3660, 2739, 3986, 4300, 3903, 4241, 3660, 4000, 4138, 3692, 4207],
	[195, 476, 368, 568, 2163, 2348, 2027, 1243, 1011, 3227, 2663, 0, 4257, 3208, 3435, 4510, 2887, 3877, 3586, 3734, 3062, 3921, 4046, 3818, 3968, 3613, 4016, 3956, 3620, 4051],
	[247, 554, 398, 823, 2835, 2993, 2558, 1694, 1406, 3977, 3735, 4257, 0, 4638, 4164, 5902, 5069, 4788, 4720, 4720, 3800, 5118, 5264, 4968, 5232, 4685, 5081, 5126, 4631, 5214],
	[232, 492, 357, 825, 2587, 2663, 2243, 1529, 1368, 3415, 3341, 3208, 4638, 0, 3401, 5146, 4348, 4065, 4135, 4017, 2965, 4486, 4873, 4479, 4798, 4104, 4509, 4629, 4115, 4725],
	[215, 497, 358, 695, 2587, 2705, 2406, 1410, 1144, 4806, 2974, 3435, 4164, 3401, 0, 6323, 5410, 5200, 4896, 5351, 4228, 5361, 5495, 5253, 5485, 4871, 5406, 5380, 4806, 5532],
	[272, 591, 439, 1030, 3603, 3700, 3111, 2080, 1783, 5962, 4677, 4510, 5902, 5146, 6323, 0, 12209, 10974, 10978, 11258, 8161, 11949, 12944, 11825, 12931, 11264, 11949, 12125, 11179, 12500],
	[245, 533, 396, 871, 3119, 3245, 2742, 1771, 1502, 5014, 3975, 2887, 5069, 4348, 5410, 12209, 0, 10893, 10526, 10882, 6298, 11649, 12330, 11311, 12075, 10752, 11580, 11597, 10854, 11949],
	[233, 514, 384, 850, 2940, 3061, 2570, 1668, 1435, 4762, 3678, 3877, 4788, 4065, 5200, 10974, 10893, 0, 10354, 11100, 8263, 11204, 11737, 11020, 11784, 10558, 11301, 11294, 10503, 11608],
	[228, 516, 389, 816, 2879, 2924, 2432, 1645, 1418, 4688, 3708, 3586, 4720, 4135, 4896, 10978, 10526, 10354, 0, 11262, 7959, 11127, 11722, 11150, 11781, 10656, 11222, 11419, 10640, 11565],
	[232, 479, 377, 830, 2864, 2993, 2491, 1629, 1388, 4740, 3660, 3734, 4720, 4017, 5351, 11258, 10882, 11100, 11262, 0, 8464, 11511, 11989, 11347, 12105, 10781, 11620, 11627, 10776, 11842],
	[195, 396, 303, 634, 2276, 2362, 1975, 1287, 1066, 3657, 2739, 3062, 3800, 2965, 4228, 8161, 6298, 8263, 7959, 8464, 0, 9399, 9455, 8779, 9245, 8521, 9329, 9039, 8542, 9359],
	[249, 531, 407, 939, 3251, 3325, 2766, 1867, 1593, 4979, 3986, 3921, 5118, 4486, 5361, 11949, 11649, 11204, 11127, 11511, 9399, 0, 16221, 14661, 15724, 13886, 15339, 15179, 13560, 15967],
	[265, 562, 421, 970, 3400, 3443, 2895, 1943, 1680, 5290, 4300, 4046, 5264, 4873, 5495, 12944, 12330, 11737, 11722, 11989, 9455, 16221, 0, 15757, 17188, 14632, 15753, 15999, 14342, 16765],
	[235, 506, 401, 904, 3152, 3202, 2700, 1803, 1518, 4890, 3903, 3818, 4968, 4479, 5253, 11825, 11311, 11020, 11150, 11347, 8779, 14661, 15757, 0, 17242, 14476, 14723, 15041, 14258, 15489],
	[250, 562, 424, 962, 3388, 3371, 2861, 1923, 1622, 5214, 4241, 3968, 5232, 4798, 5485, 12931, 12075, 11784, 11781, 12105, 9245, 15724, 17188, 17242, 0, 15169, 15773, 16109, 14875, 16646],
	[214, 463, 350, 757, 2837, 2964, 2414, 1616, 1386, 4538, 3660, 3613, 4685, 4104, 4871, 11264, 10752, 10558, 10656, 10781, 8521, 13886, 14632, 14476, 15169, 0, 14054, 14207, 14525, 14595],
	[259, 533, 408, 917, 3245, 3302, 2822, 1876, 1568, 5042, 4000, 4016, 5081, 4509, 5406, 11949, 11580, 11301, 11222, 11620, 9329, 15339, 15753, 14723, 15773, 14054, 0, 15580, 13771, 15894],
	[259, 558, 413, 979, 3321, 3343, 2851, 1891, 1627, 5030, 4138, 3956, 5126, 4629, 5380, 12125, 11597, 11294, 11419, 11627, 9039, 15179, 15999, 15041, 16109, 14207, 15580, 0, 13966, 15944],
	[217, 471, 363, 773, 2877, 2967, 2458, 1666, 1396, 4601, 3692, 3620, 4631, 4115, 4806, 11179, 10854, 10503, 10640, 10776, 8542, 13560, 14342, 14258, 14875, 14525, 13771, 13966, 0, 14375],
	[276, 550, 413, 997, 3420, 3467, 2915, 1934, 1654, 5151, 4207, 4051, 5214, 4725, 5532, 12500, 11949, 11608, 11565, 11842, 9359, 15967, 16765, 15489, 16646, 14595, 15894, 15944, 14375, 0]
];

/* Number of genes table
This array contains the total number of genes in each species' genome. They are in the following order:
0.Archaea  1.E.coli  2.Staph  3.Malaria  4.Moss  5.Banana  6.Potato  7.Mushroom  8.Yeast  9.Oyster  10.Nematode  11.Tick  12.Waterflea  13.Fly  14.SeaUrchin  15.Zebrafish  16.Frog  17.Lizard  18.Chicken  19.Turtle  20.Platypus  21.Elephant  22.Mouse  23.Chimp  24.Human  25.Bat  26.Cat  27.Dog  28.Dolphin  29.Cow  
*/
var geneCountArray = [1782, 4352, 2570, 5503, 32775, 36439, 41796, 10366, 6352, 25849, 20319, 20454, 30088, 14506, 26882, 25683, 18293, 17690, 15393, 17899, 17806, 19991, 22430, 18604, 21104, 16940, 19440, 19684, 16489, 19890];

/* All traits table
This array contains all of the traits a species can have. It is used to create each species when the activity is initialized.
*/
var allTraits = [
/*0*/	'DNA Encoding Genetic Information',
/*1*/	'mRNA',
/*2*/	'Ribosomes',
/*3*/	'Ether-Linked Lipid Membranes',
/*4*/	'Peptidoglycan Cell Wall',
/*5*/	'Outer Plasma Membrane',
/*6*/	'Sexual Reproduction',
/*7*/	'Linear Chromosomes',
/*8*/	'Nucleus',
/*9*/	'Mitochondria',
/*10*/	'Apicoplast Organelle',
/*11*/	'Chloroplasts & Photosynthesis',
/*12*/	'Plant Vascular Tissue, Seeds, Flowers',
/*13*/	'One Embryonic Leaf',
/*14*/	'Two Embryonic Leaves',
/*15*/	'Chitinous Cell Wall',
/*16*/	'Multicellular Fugnus',
/*17*/	'Spores on Basidia',
/*18*/	'Spores in Ascus',
/*19*/	'Muscles',
/*20*/	'Bilateral Symmetry',
/*21*/	'Protostomy',
/*22*/	'Calcium Carbonate Shell',
/*23*/	'Molting of Cuticle',
/*24*/	'Skin Made of Cell Fragments',
/*25*/	'Chitinous Exoskeleton',
/*26*/	'Mandibles & Antannae',
/*27*/	'Swimming Antennae',
/*28*/	'Insect Wings',
/*29*/	'Deuterostomy',
/*30*/	'Radial Symmetry',
/*31*/	'Calcite Spines',
/*32*/	'Skull',
/*33*/	'Jaws',
/*34*/	'Brain',
/*35*/	'Spine',
/*36*/	'Ray Fins',
/*37*/	'Four Limbs',
/*38*/	'Toes',
/*39*/	'Lungs',
/*40*/	'Gills Lost',
/*41*/	'Drinking Water Via Skin',
/*42*/	'Amniotic Egg',
/*43*/	'Skull Windows',
/*44*/	'Feathers',
/*45*/	'Bird Wings',
/*46*/	'Hair/Fur',
/*47*/	'Milk',
/*48*/	'Platypus Venom',
/*49*/	'Placenta & Livebirth',
/*50*/	'Trunk',
/*51*/	'Nails',
/*52*/	'Tail Lost',
/*53*/	'Opposable Thumbs',
/*54*/	'Tree Swinging Arms',
/*55*/	'Foot Bone Lost',
/*56*/	'Large Skull & Brain',
/*57*/	'Upright Walking',
/*58*/	'Opposable Toe Thumbs Lost',
/*59*/	'Bat Wings',
/*60*/	'Shearing Teeth',
/*61*/	'Retractable Claws',
/*62*/	'Heightened Sense of Smell',
/*63*/	'Underwater Echolocation',
/*64*/	'Four Chamber Stomach'
];

/* Species traits table
This array contains the information used to assign traits to each species when the activity is initialized.
Each item in the array is a string made of 65 1's and 0's. A '1' means that the species has the trait from the traits table in the same index as the '1'. A '0' means that the species does not have that trait.
For example, the first string in this table will start with '111100...' because archaea have DNA, mRNA, Ribosomes, and Ether Lipid Membranes, but none of the other listed traits.
*/
var speciesTraits = [
	'11110000000000000000000000000000000000000000000000000000000000000',	// Archaea
	'11101100000000000000000000000000000000000000000000000000000000000',	// E.coli
	'11101000000000000000000000000000000000000000000000000000000000000',	// Staph
	'11100011111000000000000000000000000000000000000000000000000000000',	// Malaria
	'11100011110100000000000000000000000000000000000000000000000000000',	// Moss
	'11100011110111000000000000000000000000000000000000000000000000000',	// Banana
	'11100011110110100000000000000000000000000000000000000000000000000',	// Potato
	'11100011110000011100000000000000000000000000000000000000000000000',	// Mushroom
	'11100011110000010010000000000000000000000000000000000000000000000',	// Yeast
	'11100011110000000001111000000000000000000000000000000000000000000',	// Oyster
	'11100011110000000001110110000000000000000000000000000000000000000',	// Nematode
	'11100011110000000001110101000000000000000000000000000000000000000',	// Tick
	'11100011110000000001110101110000000000000000000000000000000000000',	// WaterFlea
	'11100011110000000001110101101000000000000000000000000000000000000',	// Fly
	'11100011110000000001100000000111000000000000000000000000000000000',	// Urchin
	'11100011110000000001100000000100111110000000000000000000000000000',	// Zebrafish
	'11100011110000000001100000000100111101111100000000000000000000000',	// Frog
	'11100011110000000001100000000100111101111011000000000000000000000',	// Lizard
	'11100011110000000001100000000100111101111011110000000000000000000',	// Chicken
	'11100011110000000001100000000100111101111011000000000000000000000',	// Turtle
	'11100011110000000001100000000100111101111010001110000000000000000',	// Platypus
	'11100011110000000001100000000100111101111010001101100000000000000',	// Elephant
	'11100011110000000001100000000100111101111010001101000000000000000',	// Mouse
	'11100011110000000001100000000100111101111010001101011111000000000',	// Chimp
	'11100011110000000001100000000100111101111010001101011100111000000',	// Human
	'11100011110000000001100000000100111101111010001101000000000100000',	// Bat
	'11100011110000000001100000000100111101111010001101000000000011000',	// Cat
	'11100011110000000001100000000100111101111010001101000000000010100',	// Dog
	'11100011110000000001100000000100111101111010001101000000000000010',	// Dolphin
	'11100011110000000001100000000100111101111010001101000000000000001',	// Cow
];

/* Species blurbs table
This array contains blurbs about each species which are displayed when the organism is clicked on.
Like the "All traits table", it is used to create each species when the activity is initialized.
*/
var blurbs = [
	'Methanococcus are microbes which live in hydrothermal vents at very high temperatures',
	'E. coli are a type of rod-shaped bacteria which is commonly used in biological research',
	'Staphylococcus are a type of spherical bacteria, some of which can infect humans',
	'Malaria is a parasite that lives in blood cells',
	'Moss is a simple land plant which lives in soil around pools of water',
	'Bananas are a tropical fruit which is most closely related to berries',
	'Potatoes are starchy crop plants which grow underground',
	'Agaricus is a large, edible, cap mushroom',
	'Yeast are single celled fungi which are used in baking',
	'Oysters live in the ocean where they make natural pearls',
	'Nematodes are incredibly widespread worms that live in soil',
	'Ticks are parasitic arachnids which drink blood',
	'Waterfleas are tiny crustaceans which live in freshwater',
	'Daphnia are small fruit flies which are frequently used in genetics research',
	'Sea urchins are small, spiny, ocean-dwelling animals',
	'Zebrafish are small tropical freshwater fish',
	'Frogs are amphibians who start their lives as aquatic tadpoles',
	'Green Anoles are small, color changing lizards',
	'Chickens are the most common domesticated fowl',
	'Turtles are reptiles covered in a thick shell',
	'Platypuses are semi-aquatic, egg-laying mammals native to Australia',
	'Elephants are the largest land animal on earth',
	'Mice are a very widespread rodent which is a major pest, pet, and research subject',
	'Chimpanzees are hominid apes that live in Africa',
	'Humans are the most widespread of all the great apes',
	'Flying Foxes are actually large fruit bats',
	'Cats are domesticated felines which hunt all kinds of vermin',
	'Dogs are the first animal to be domesticated by humans',
	'Dolphins are highly intelligent, marine mammals',
	'Cows are a domestic animal used for meat and milk'
];
//}

//{ ACCESSIBILITY FUNCTIONS

var animalToNumber = function(animal) {
	var allAnimals = ['Archaea', 'Ecoli', 'Staph', 'Malaria', 'Moss', 'Banana', 'Potato', 'Mushroom', 'Yeast', 'Oyster', 'Nematode', 'Tick', 'Water Flea', 'Fly', 'Sea Urchin', 'Zebrafish', 'Frog', 'Lizard', 'Chicken', 'Turtle', 'Platypus', 'Elephant', 'Mouse', 'Chimp', 'Human', 'Bat', 'Cat', 'Dog', 'Dolphin', 'Cow'];
	return allAnimals.indexOf(animal);
}

var makePercent = function(n) {
	n *= 1000;
	n = Math.round(n);
	n /= 10;
	return n;
}

var getNumberGenes = function(animal) {
	return geneCountArray[animalToNumber(animal)];
}

var getPercentSimilar = function(animal1, animal2) {
	var a1 = animalToNumber(animal1);
	var decimal = getNumberSimilar(animal1, animal2) / geneCountArray[a1];
	return makePercent(decimal);
}

var getNumberSimilar = function(animal1, animal2) {
	var a1 = animalToNumber(animal1);
	var a2 = animalToNumber(animal2);
	return similarGenesArray[a1][a2];
}

var getTraits = function(animal) {
	var traits = [];
	var data = speciesTraits[animalToNumber(animal)];
	for (var i = 0; i < data.length; i++) {
		if (data.charAt(i) === '1') {
			traits.push(allTraits[i]);
		}
	}
	return traits;
}

var getBlurb = function(animal) {
	return blurbs[animalToNumber(animal)];
}
//}

/* Literature Genome Similarities
Human => Chimp: 98.7%, http://www.sciencemag.org/news/2012/06/bonobos-join-chimps-closest-human-relatives+

*/





































